senderId: 0 messageType: ACQ rxTime: 1421117186.9591 signalId: 2 svid: 12 doppler: -7286.6142578125 codePhase: 2332.781 acfCorr: [ 199861 177988 1580468 308133 2235370 2366297 1363476 2514654 4245458 3018180 197728 1269969 1206334 1008932 1011951 552002 574777 67985 465692 375888 1110163 543129 1093099 243961 2349835 4471025 997342 216789 943742 706347 673356 667437 527014 1317202 399563 647352 567021 217993 440648 127925 204648 80524 531227 1244278 817879 1139742 808496 2584132 866952 980066 658515 266970 2081510 199768 263866 1131552 542508 83638 1280616 2337695 1532120 663860 189664 883135 1271240 171773 1312142 1438514 429612 642306 1251930 479422 647720 379937 445501 495453 1004698 921974 240082 131100 953178 296050 517954 721112 278376 93903 2032423 117407 91688 874877 458220 2180295 838873 248857 1450445 894579 42895 634805 1500754 947380 136430 242293 514037 235448 380438 225953 1005593 2216182 1894774 234891 2077409 800178 493221 426763 399651 305228 479243 193980 241610 596184 727613 341840 1183042 685603 9253778 4097460 12932248 70580792 22067952 2992157 10701630 5198480 283116 29695 195960 1001697 685655 1112287 1894450 1514848 342863 247700 1027743 677083 128722 80722 259532 1140628 77805 1278124 472994 315002 737950 410448 272448 972797 426401 279756 249598 740798 924151 207538 504926 587227 397273 574775 1080719 166678 649548 3061090 1386165 786660 417459 2859868 1817439 2532025 1307363 790670 547781 500104 356262 392208 788419 829636 49857 238314 505157 494391 775550 1002822 352798 330223 320467 1101600 1320770 1023751 3249985 7049021 1944890 1047304 613204 70168 737550 188759 109823 516758 5675325 874788 364129 1571826 542379 1503505 1038216 326612 535522 1220310 547352 1128352 1309563 440106 335023 753310 945111 185066 1718663 1098889 37632 215062 99693 603836 1233727 671958 1109934 323045 145348 545737 537565 2668964 590735 1911444 81223 670395 4073566 1303262 2865288 1097907 817983 3021521 1058638 1848869 5806608 1579496 786492 326389 269552 ] noiseFloor: 117.930244445801 acqMode: 1 CN0: 33.847526160382
senderId: 0 messageType: ACQ rxTime: 1421117404.97762 signalId: 0 svid: 18 doppler: 1374.81209901534 codePhase: 146.4595 acfCorr: [ 47 48 40 48 50 43 54 51 58 70 51 44 35 26 30 35 31 39 49 43 49 40 29 21 27 25 32 34 36 38 40 36 45 36 35 34 27 31 40 45 40 31 35 26 27 39 41 35 39 31 36 31 34 29 23 20 17 19 22 24 30 28 33 34 36 30 37 36 36 38 41 34 34 33 34 30 31 31 39 37 29 32 31 34 26 29 25 30 31 35 39 32 28 31 40 39 44 41 55 45 48 39 38 39 41 42 47 48 51 42 34 36 37 47 51 52 43 37 33 32 27 26 35 44 66 85 126 132 98 71 58 52 36 47 43 40 40 26 21 35 42 44 34 41 34 31 39 40 49 44 26 26 34 33 34 35 33 37 38 34 29 34 30 24 33 30 40 38 38 31 37 34 28 37 29 33 31 37 31 31 41 47 35 35 33 29 21 28 22 22 26 39 40 41 43 39 40 39 35 41 42 48 48 41 39 32 25 35 34 35 28 23 31 36 30 29 27 30 31 34 33 34 41 39 33 27 26 29 28 32 32 28 33 23 38 35 35 34 38 39 35 44 41 34 31 36 36 33 37 37 36 35 26 31 31 ] noiseFloor: 419.710906982422 acqMode: 1 CN0: 25.8697152721771
